Material = 80Co20Pt
Radius = 0.100000 um
Thickness = 0.040000 um
magnet       X (um)    Y (um)
m1 = (0.168000, 0.168000)
m2 = (0.168000, 0.120000)
m3 = (0.144000, 0.096000)
m4 = (0.120000, 0.336000)
m5 = (0.192000, 0.120000)
m6 = (0.120000, 0.408000)
m7 = (0.144000, 0.120000)
m8 = (0.168000, 0.048000)
m9 = (0.120000, 0.048000)
m10 = (0.168000, 0.192000)
m11 = (0.144000, 0.048000)
m12 = (0.144000, 0.264000)
m13 = (0.168000, 0.264000)
m14 = (0.120000, 0.312000)
m15 = (0.144000, 0.336000)
m16 = (0.144000, 0.072000)
m17 = (0.168000, 0.024000)
m18 = (0.120000, 0.120000)
m19 = (0.096000, 0.144000)
m20 = (0.120000, 0.144000)
m21 = (0.072000, 0.456000)
m22 = (0.192000, 0.264000)
m23 = (0.144000, 0.144000)
m24 = (0.096000, 0.456000)
m25 = (0.120000, 0.456000)
m26 = (0.096000, 0.240000)
m27 = (0.192000, 0.216000)
m28 = (0.072000, 0.432000)
m29 = (0.072000, 0.384000)
m30 = (0.048000, 0.456000)
m31 = (0.048000, 0.432000)
m32 = (0.048000, 0.384000)
m33 = (0.096000, 0.384000)
m34 = (0.096000, 0.432000)
m35 = (0.024000, 0.432000)
m36 = (0.096000, 0.168000)
m37 = (0.096000, 0.408000)
m38 = (0.120000, 0.216000)
m39 = (0.072000, 0.408000)
m40 = (0.072000, 0.240000)
m41 = (0.072000, 0.288000)
m42 = (0.048000, 0.336000)
m43 = (0.024000, 0.312000)
m44 = (0.120000, 0.240000)
m45 = (0.096000, 0.336000)
m46 = (0.048000, 0.288000)
m47 = (0.144000, 0.240000)
m48 = (0.072000, 0.336000)
m49 = (0.096000, 0.360000)
m50 = (0.048000, 0.264000)
m51 = (0.024000, 0.384000)
m52 = (0.144000, 0.288000)
m53 = (0.600000, 0.480000)
m54 = (0.072000, 0.264000)
m55 = (0.048000, 0.360000)
m56 = (0.048000, 0.408000)
m57 = (0.024000, 0.408000)
m58 = (0.120000, 0.288000)
m59 = (0.264000, 0.336000)
m60 = (0.048000, 0.960000)
m61 = (0.024000, 0.288000)
m62 = (0.072000, 0.360000)
m63 = (0.024000, 0.456000)
m64 = (0.048000, 0.312000)
m65 = (0.024000, 0.360000)
m66 = (0.552000, 0.480000)
m67 = (0.120000, 0.360000)
m68 = (0.120000, 0.384000)
m69 = (0.576000, 0.504000)
m70 = (0.024000, 0.336000)
m71 = (0.120000, 0.432000)
m72 = (0.024000, 0.480000)
m73 = (0.096000, 0.312000)
m74 = (0.048000, 0.480000)
m75 = (0.072000, 0.312000)
m76 = (0.096000, 0.288000)
m77 = (0.192000, 0.336000)
m78 = (0.576000, 0.480000)
m79 = (0.024000, 0.264000)
m80 = (0.144000, 0.408000)
m81 = (0.144000, 0.360000)
m82 = (0.144000, 0.432000)
m83 = (0.144000, 0.312000)
m84 = (0.528000, 0.480000)
m85 = (0.504000, 0.480000)
m86 = (0.600000, 0.432000)
m87 = (0.576000, 0.432000)
m88 = (0.144000, 0.456000)
m89 = (0.072000, 0.480000)
m90 = (0.096000, 0.480000)
m91 = (0.120000, 0.480000)
m92 = (0.024000, 0.504000)
m93 = (0.048000, 0.504000)
m94 = (0.072000, 0.504000)
m95 = (0.096000, 0.264000)
m96 = (0.144000, 0.480000)
m97 = (0.096000, 0.504000)
m98 = (0.168000, 0.360000)
m99 = (0.144000, 0.384000)
m100 = (0.120000, 0.264000)
m101 = (0.120000, 0.504000)
m102 = (0.144000, 0.504000)
m103 = (0.168000, 0.456000)
m104 = (0.024000, 0.528000)
m105 = (0.168000, 0.504000)
m106 = (0.168000, 0.288000)
m107 = (0.168000, 0.384000)
m108 = (0.168000, 0.312000)
m109 = (0.048000, 0.528000)
m110 = (0.072000, 0.528000)
m111 = (0.096000, 0.528000)
m112 = (0.168000, 0.336000)
m113 = (0.024000, 0.600000)
m114 = (0.168000, 0.408000)
m115 = (0.168000, 0.432000)
m116 = (0.168000, 0.240000)