Material = 80Co20Pt
Radius = 0.100000 um
Thickness = 0.040000 um
magnet       X (um)    Y (um)
m1 = (0.264000, 0.576000)
m2 = (0.096000, 0.552000)
m3 = (0.240000, 0.600000)
m4 = (0.168000, 0.360000)
m5 = (0.312000, 0.552000)
m6 = (0.144000, 0.240000)
m7 = (0.144000, 0.384000)
m8 = (0.312000, 0.648000)
m9 = (0.024000, 0.048000)
m10 = (0.192000, 0.648000)
m11 = (0.168000, 0.744000)
m12 = (0.168000, 0.720000)
m13 = (0.192000, 0.840000)
m14 = (0.192000, 0.888000)
m15 = (0.264000, 0.672000)
m16 = (0.120000, 0.216000)
m17 = (0.360000, 0.888000)
m18 = (0.288000, 0.768000)
m19 = (0.408000, 0.792000)
m20 = (0.312000, 0.624000)
m21 = (0.264000, 0.816000)
m22 = (0.216000, 0.696000)
m23 = (0.264000, 0.864000)
m24 = (0.120000, 0.312000)
m25 = (0.312000, 0.912000)
m26 = (0.168000, 0.552000)
m27 = (0.240000, 0.840000)
m28 = (0.192000, 0.624000)
m29 = (0.456000, 0.792000)
m30 = (0.264000, 0.600000)
m31 = (0.312000, 0.816000)
m32 = (0.408000, 0.840000)
m33 = (0.312000, 0.768000)
m34 = (0.264000, 0.648000)
m35 = (0.168000, 0.960000)
m36 = (0.240000, 0.960000)
m37 = (0.264000, 0.744000)
m38 = (0.360000, 0.768000)
m39 = (0.336000, 0.768000)
m40 = (0.288000, 0.576000)
m41 = (0.144000, 0.312000)
m42 = (0.312000, 0.744000)
m43 = (0.312000, 0.576000)
m44 = (0.288000, 0.600000)
m45 = (0.288000, 0.648000)
m46 = (0.144000, 0.408000)
m47 = (0.336000, 0.744000)
m48 = (0.120000, 0.552000)
m49 = (0.336000, 0.624000)
m50 = (0.240000, 0.528000)
m51 = (0.336000, 0.912000)
m52 = (0.240000, 0.696000)
m53 = (0.336000, 0.816000)
m54 = (0.216000, 0.888000)
m55 = (0.288000, 0.888000)
m56 = (0.432000, 0.840000)
m57 = (0.216000, 0.864000)
m58 = (0.360000, 0.912000)
m59 = (0.360000, 0.816000)
m60 = (0.144000, 0.600000)
m61 = (0.384000, 0.888000)
m62 = (0.312000, 0.840000)
m63 = (0.288000, 0.816000)
m64 = (0.240000, 0.864000)
m65 = (0.264000, 0.960000)
m66 = (0.360000, 0.984000)
m67 = (0.480000, 0.792000)
m68 = (0.360000, 0.744000)
m69 = (0.240000, 0.792000)
m70 = (0.336000, 0.888000)
m71 = (0.288000, 0.792000)
m72 = (0.168000, 0.624000)
m73 = (0.288000, 0.720000)
m74 = (0.360000, 0.720000)
m75 = (0.288000, 0.744000)
m76 = (0.288000, 0.960000)
m77 = (0.336000, 0.840000)
m78 = (0.192000, 0.600000)
m79 = (0.360000, 0.840000)
m80 = (0.432000, 0.864000)
m81 = (0.360000, 0.624000)
m82 = (0.432000, 0.744000)
m83 = (0.264000, 0.768000)
m84 = (0.360000, 0.792000)
m85 = (0.384000, 0.792000)
m86 = (0.216000, 0.552000)
m87 = (0.336000, 0.792000)