Material = 80Co20Pt
Radius = 0.100000 um
Thickness = 0.040000 um
magnet       X (um)    Y (um)
m1 = (0.576000, 0.600000)
m2 = (0.336000, 0.432000)
m3 = (0.336000, 0.504000)
m4 = (0.576000, 0.816000)
m5 = (0.384000, 0.480000)
m6 = (0.336000, 0.768000)
m7 = (0.384000, 0.528000)
m8 = (0.312000, 0.624000)
m9 = (0.432000, 0.960000)
m10 = (0.264000, 0.960000)
m11 = (0.480000, 0.696000)
m12 = (0.720000, 0.480000)
m13 = (0.744000, 0.480000)
m14 = (0.648000, 0.456000)
m15 = (0.696000, 0.528000)
m16 = (0.816000, 0.048000)
m17 = (0.312000, 0.960000)
m18 = (0.624000, 0.480000)
m19 = (0.456000, 0.120000)
m20 = (0.456000, 0.720000)
m21 = (0.552000, 0.672000)
m22 = (0.672000, 0.480000)
m23 = (0.552000, 0.120000)
m24 = (0.456000, 0.552000)
m25 = (0.408000, 0.528000)
m26 = (0.456000, 0.600000)
m27 = (0.720000, 0.456000)
m28 = (0.624000, 0.600000)
m29 = (0.504000, 0.552000)
m30 = (0.336000, 0.528000)
m31 = (0.456000, 0.840000)
m32 = (0.720000, 0.576000)
m33 = (0.528000, 0.624000)
m34 = (0.456000, 0.864000)
m35 = (0.576000, 0.480000)
m36 = (0.816000, 0.480000)
m37 = (0.456000, 0.576000)
m38 = (0.480000, 0.600000)
m39 = (0.504000, 0.864000)
m40 = (0.768000, 0.480000)
m41 = (0.408000, 0.552000)
m42 = (0.288000, 0.504000)
m43 = (0.336000, 0.672000)
m44 = (0.768000, 0.720000)
m45 = (0.720000, 0.816000)
m46 = (0.576000, 0.744000)
m47 = (0.504000, 0.600000)
m48 = (0.720000, 0.600000)
m49 = (0.648000, 0.528000)
m50 = (0.264000, 0.816000)
m51 = (0.144000, 0.744000)
m52 = (0.480000, 0.528000)
m53 = (0.624000, 0.624000)
m54 = (0.360000, 0.768000)
m55 = (0.312000, 0.576000)
m56 = (0.792000, 0.672000)
m57 = (0.360000, 0.744000)
m58 = (0.696000, 0.600000)
m59 = (0.528000, 0.504000)
m60 = (0.624000, 0.240000)
m61 = (0.264000, 0.792000)
m62 = (0.528000, 0.528000)
m63 = (0.624000, 0.264000)
m64 = (0.384000, 0.768000)
m65 = (0.672000, 0.888000)
m66 = (0.576000, 0.576000)
m67 = (0.648000, 0.744000)
m68 = (0.552000, 0.720000)
m69 = (0.528000, 0.552000)
m70 = (0.408000, 0.648000)
m71 = (0.432000, 0.600000)
m72 = (0.336000, 0.624000)
m73 = (0.408000, 0.600000)
m74 = (0.600000, 0.480000)
m75 = (0.528000, 0.456000)
m76 = (0.552000, 0.456000)
m77 = (0.384000, 0.384000)
m78 = (0.552000, 0.552000)
m79 = (0.408000, 0.768000)
m80 = (0.744000, 0.624000)
m81 = (0.504000, 0.504000)
m82 = (0.624000, 0.456000)
m83 = (0.024000, 0.336000)
m84 = (0.576000, 0.552000)
m85 = (0.576000, 0.504000)
m86 = (0.576000, 0.528000)
m87 = (0.552000, 0.504000)
m88 = (0.696000, 0.408000)
m89 = (0.624000, 0.552000)
m90 = (0.552000, 0.528000)
m91 = (0.624000, 0.432000)
m92 = (0.648000, 0.840000)
m93 = (0.312000, 0.672000)
m94 = (0.648000, 0.480000)
m95 = (0.840000, 0.432000)
m96 = (0.504000, 0.528000)
m97 = (0.480000, 0.552000)
m98 = (0.432000, 0.552000)
m99 = (0.240000, 0.480000)
m100 = (0.600000, 0.432000)
m101 = (0.672000, 0.432000)
m102 = (0.528000, 0.600000)
m103 = (0.816000, 0.552000)
m104 = (0.672000, 0.456000)
m105 = (0.600000, 0.504000)
m106 = (0.624000, 0.504000)
m107 = (0.504000, 0.360000)
m108 = (0.768000, 0.432000)
m109 = (0.576000, 0.456000)
m110 = (0.648000, 0.432000)
m111 = (0.672000, 0.408000)
m112 = (0.480000, 0.576000)
m113 = (0.648000, 0.552000)
m114 = (0.624000, 0.408000)
m115 = (0.600000, 0.456000)
m116 = (0.648000, 0.384000)