Material = 80Co20Pt
Radius = 0.100000 um
Thickness = 0.040000 um
magnet       X (um)    Y (um)
m1 = (0.072000, 0.312000)
m2 = (0.024000, 0.192000)
m3 = (0.192000, 0.360000)
m4 = (0.024000, 0.144000)
m5 = (0.744000, 0.408000)
m6 = (0.624000, 0.480000)
m7 = (0.720000, 0.648000)
m8 = (0.240000, 0.288000)
m9 = (0.144000, 0.288000)
m10 = (0.144000, 0.312000)
m11 = (0.192000, 0.384000)
m12 = (0.672000, 0.264000)
m13 = (0.216000, 0.384000)
m14 = (0.504000, 0.552000)
m15 = (0.120000, 0.384000)
m16 = (0.504000, 0.216000)
m17 = (0.504000, 0.312000)
m18 = (0.672000, 0.528000)
m19 = (0.648000, 0.744000)
m20 = (0.288000, 0.480000)
m21 = (0.216000, 0.312000)
m22 = (0.408000, 0.672000)
m23 = (0.888000, 0.696000)
m24 = (0.384000, 0.648000)
m25 = (0.312000, 0.576000)
m26 = (0.216000, 0.288000)
m27 = (0.240000, 0.312000)
m28 = (0.696000, 0.504000)
m29 = (0.600000, 0.792000)
m30 = (0.192000, 0.576000)
m31 = (0.528000, 0.792000)
m32 = (0.264000, 0.456000)
m33 = (0.312000, 0.504000)
m34 = (0.864000, 0.648000)
m35 = (0.288000, 0.504000)
m36 = (0.312000, 0.552000)
m37 = (0.024000, 0.384000)
m38 = (0.216000, 0.480000)
m39 = (0.408000, 0.576000)
m40 = (0.456000, 0.672000)
m41 = (0.912000, 0.432000)
m42 = (0.696000, 0.744000)
m43 = (0.504000, 0.792000)
m44 = (0.576000, 0.048000)
m45 = (0.720000, 0.840000)
m46 = (0.264000, 0.624000)
m47 = (0.288000, 0.456000)
m48 = (0.960000, 0.528000)
m49 = (0.552000, 0.840000)
m50 = (0.408000, 0.720000)
m51 = (0.336000, 0.576000)
m52 = (0.600000, 0.240000)
m53 = (0.456000, 0.528000)
m54 = (0.528000, 0.552000)
m55 = (0.432000, 0.624000)
m56 = (0.384000, 0.624000)
m57 = (0.480000, 0.648000)
m58 = (0.552000, 0.768000)
m59 = (0.360000, 0.552000)
m60 = (0.528000, 0.744000)
m61 = (0.696000, 0.696000)
m62 = (0.456000, 0.600000)
m63 = (0.360000, 0.504000)
m64 = (0.480000, 0.504000)
m65 = (0.624000, 0.888000)
m66 = (0.480000, 0.672000)
m67 = (0.480000, 0.624000)
m68 = (0.624000, 0.768000)
m69 = (0.120000, 0.504000)
m70 = (0.576000, 0.768000)
m71 = (0.552000, 0.720000)
m72 = (0.600000, 0.768000)
m73 = (0.504000, 0.816000)
m74 = (0.480000, 0.696000)
m75 = (0.456000, 0.720000)